-9.964100000000000179e-01 0.000000000000000000e+00 2.000000000000000000e+00 5.140900000000000331e-02
-1.185699999999999976e+00 0.000000000000000000e+00 1.434700000000000086e+00 5.163000000000000228e-02
-6.730000000000000426e-01 0.000000000000000000e+00 1.637799999999999923e+00 5.249199999999999700e-02
-8.336599999999999566e-01 0.000000000000000000e+00 1.108800000000000008e+00 5.405900000000000288e-02
-4.447300000000000142e-01 -7.797299999999999517e-16 1.120700000000000029e+00 5.546899999999999747e-02
-6.195399999999999796e-01 0.000000000000000000e+00 5.252599999999999492e-01 5.859500000000000125e-02
-1.919299999999999895e-01 1.217899999999999967e-17 6.323199999999999932e-01 6.247699999999999781e-02
-4.508099999999999885e-01 0.000000000000000000e+00 0.000000000000000000e+00 6.222699999999999759e-02
-2.008900000000000130e-01 0.000000000000000000e+00 3.624999999999999889e-01 6.560599999999999765e-02
1.924099999999999977e-01 -8.881799999999999686e-16 6.329500000000000126e-01 7.770599999999999730e-02
9.419699999999999740e-01 0.000000000000000000e+00 1.165000000000000036e+00 8.852100000000000246e-02
4.451399999999999801e-01 -2.008499999999999998e-16 1.121599999999999930e+00 8.566600000000000603e-02
6.732900000000000551e-01 5.138899999999999549e-16 1.638400000000000079e+00 8.945999999999999786e-02
1.328500000000000014e+00 0.000000000000000000e+00 1.539199999999999902e+00 9.226199999999999679e-02
9.964100000000000179e-01 0.000000000000000000e+00 2.000000000000000000e+00 9.109599999999999642e-02
8.546399999999999553e-01 0.000000000000000000e+00 5.840300000000000491e-01 8.513900000000000634e-02
3.438899999999999735e-01 0.000000000000000000e+00 0.000000000000000000e+00 7.642300000000000482e-02
5.000000000000000000e+00 0.000000000000000000e+00 1.899999999999999911e+00 1.000000000000000000e+00
4.786500000000000199e+00 0.000000000000000000e+00 1.790399999999999991e+00 3.650499999999999856e-01
4.900000000000000355e+00 0.000000000000000000e+00 2.000000000000000000e+00 1.000000000000000000e+00
5.207699999999999996e+00 0.000000000000000000e+00 1.786799999999999944e+00 3.156399999999999761e-01
5.099999999999999645e+00 0.000000000000000000e+00 2.000000000000000000e+00 4.837099999999999733e-01
-2.500000000000000000e+01 0.000000000000000000e+00 0.000000000000000000e+00 0.000000000000000000e+00
-2.500000000000000000e+01 0.000000000000000000e+00 2.000000000000000000e+00 0.000000000000000000e+00
-2.176300000000000168e+01 0.000000000000000000e+00 2.000000000000000000e+00 4.286899999999999739e-03
-2.176099999999999923e+01 0.000000000000000000e+00 0.000000000000000000e+00 4.291099999999999949e-03
-1.852499999999999858e+01 0.000000000000000000e+00 2.000000000000000000e+00 8.789099999999999344e-03
-1.852100000000000080e+01 0.000000000000000000e+00 0.000000000000000000e+00 8.796800000000000452e-03
-1.528800000000000026e+01 0.000000000000000000e+00 2.000000000000000000e+00 1.374599999999999954e-02
-1.528200000000000003e+01 0.000000000000000000e+00 0.000000000000000000e+00 1.375799999999999940e-02
-1.205100000000000016e+01 0.000000000000000000e+00 2.000000000000000000e+00 1.945600000000000107e-02
-1.205400000000000027e+01 0.000000000000000000e+00 0.000000000000000000e+00 1.945699999999999860e-02
-8.834199999999999164e+00 0.000000000000000000e+00 2.000000000000000000e+00 2.630499999999999852e-02
-8.948900000000000077e+00 0.000000000000000000e+00 0.000000000000000000e+00 2.602799999999999905e-02
-5.962900000000000311e+00 0.000000000000000000e+00 2.000000000000000000e+00 3.394199999999999995e-02
-6.375200000000000422e+00 0.000000000000000000e+00 0.000000000000000000e+00 3.271799999999999708e-02
-3.869200000000000195e+00 0.000000000000000000e+00 2.000000000000000000e+00 4.087299999999999961e-02
-2.493900000000000006e+00 0.000000000000000000e+00 2.000000000000000000e+00 4.622300000000000020e-02
-2.938899999999999846e+00 0.000000000000000000e+00 9.734500000000000375e-01 4.454400000000000026e-02
-4.306400000000000006e+00 0.000000000000000000e+00 0.000000000000000000e+00 3.933400000000000091e-02
-1.593299999999999939e+00 0.000000000000000000e+00 2.000000000000000000e+00 4.975099999999999661e-02
-2.015899999999999803e+00 0.000000000000000000e+00 1.009100000000000108e+00 4.857299999999999812e-02
-2.645900000000000141e+00 0.000000000000000000e+00 0.000000000000000000e+00 4.592899999999999761e-02
-1.145699999999999941e+00 0.000000000000000000e+00 8.648299999999999876e-01 5.324199999999999766e-02
-1.376200000000000090e+00 0.000000000000000000e+00 0.000000000000000000e+00 5.296499999999999819e-02
1.577900000000000080e+00 0.000000000000000000e+00 2.000000000000000000e+00 9.459099999999999453e-02
1.921899999999999942e+00 0.000000000000000000e+00 1.524599999999999955e+00 9.769600000000000506e-02
2.396799999999999820e+00 0.000000000000000000e+00 2.000000000000000000e+00 1.040699999999999958e-01
1.660900000000000043e+00 0.000000000000000000e+00 8.239300000000000512e-01 9.381499999999999562e-02
1.263099999999999890e+00 0.000000000000000000e+00 0.000000000000000000e+00 8.855399999999999383e-02
4.574300000000000033e+00 0.000000000000000000e+00 2.000000000000000000e+00 2.804300000000000126e-01
4.993900000000000006e+00 0.000000000000000000e+00 1.656700000000000061e+00 3.093799999999999883e-01
3.331399999999999917e+00 0.000000000000000000e+00 2.000000000000000000e+00 1.248100000000000043e-01
2.708600000000000119e+00 0.000000000000000000e+00 1.052100000000000035e+00 1.077300000000000063e-01
2.431099999999999817e+00 0.000000000000000000e+00 0.000000000000000000e+00 1.022600000000000037e-01
4.074099999999999611e+00 0.000000000000000000e+00 2.000000000000000000e+00 1.665600000000000136e-01
4.384999999999999787e+00 0.000000000000000000e+00 1.564999999999999947e+00 1.888199999999999878e-01
3.686199999999999921e+00 0.000000000000000000e+00 1.245999999999999996e+00 1.313199999999999923e-01
4.789299999999999891e+00 0.000000000000000000e+00 1.412500000000000089e+00 2.081899999999999862e-01
5.190500000000000114e+00 0.000000000000000000e+00 1.408800000000000052e+00 2.049100000000000088e-01
3.642999999999999794e+00 0.000000000000000000e+00 0.000000000000000000e+00 1.197399999999999992e-01
4.370800000000000018e+00 0.000000000000000000e+00 8.517200000000000326e-01 1.432900000000000007e-01
4.939400000000000013e+00 0.000000000000000000e+00 9.546599999999999531e-01 1.569099999999999939e-01
5.639599999999999724e+00 0.000000000000000000e+00 1.568699999999999983e+00 1.762299999999999978e-01
5.424299999999999677e+00 0.000000000000000000e+00 2.000000000000000000e+00 2.481700000000000017e-01
5.652099999999999902e+00 0.000000000000000000e+00 7.816499999999999559e-01 1.373900000000000121e-01
4.816600000000000215e+00 0.000000000000000000e+00 0.000000000000000000e+00 1.327599999999999891e-01
6.115999999999999659e+00 0.000000000000000000e+00 1.448900000000000077e+00 1.376600000000000046e-01
5.929199999999999804e+00 0.000000000000000000e+00 2.000000000000000000e+00 1.569299999999999862e-01
6.685399999999999565e+00 0.000000000000000000e+00 9.572199999999999598e-01 1.131100000000000022e-01
5.987400000000000055e+00 0.000000000000000000e+00 0.000000000000000000e+00 1.219500000000000028e-01
7.394599999999999618e+00 0.000000000000000000e+00 1.186700000000000088e+00 9.954100000000000448e-02
6.715700000000000003e+00 0.000000000000000000e+00 2.000000000000000000e+00 1.169000000000000039e-01
7.387999999999999901e+00 0.000000000000000000e+00 0.000000000000000000e+00 9.839399999999999535e-02
8.375899999999999679e+00 0.000000000000000000e+00 1.026999999999999913e+00 8.484999999999999487e-02
7.940400000000000347e+00 0.000000000000000000e+00 2.000000000000000000e+00 9.115499999999999992e-02
9.369400000000000617e+00 0.000000000000000000e+00 0.000000000000000000e+00 7.381899999999999573e-02
9.764300000000000423e+00 0.000000000000000000e+00 2.000000000000000000e+00 7.019999999999999851e-02
1.211700000000000088e+01 0.000000000000000000e+00 0.000000000000000000e+00 5.248400000000000287e-02
1.222100000000000009e+01 0.000000000000000000e+00 2.000000000000000000e+00 5.179299999999999876e-02
1.528200000000000003e+01 0.000000000000000000e+00 0.000000000000000000e+00 3.552999999999999908e-02
1.520800000000000018e+01 0.000000000000000000e+00 2.000000000000000000e+00 3.587699999999999917e-02
1.852100000000000080e+01 0.000000000000000000e+00 0.000000000000000000e+00 2.211099999999999871e-02
1.843799999999999883e+01 0.000000000000000000e+00 2.000000000000000000e+00 2.244099999999999914e-02
2.176099999999999923e+01 0.000000000000000000e+00 0.000000000000000000e+00 1.063700000000000062e-02
2.500000000000000000e+01 0.000000000000000000e+00 0.000000000000000000e+00 0.000000000000000000e+00
2.171900000000000119e+01 0.000000000000000000e+00 2.000000000000000000e+00 1.078899999999999998e-02
2.500000000000000000e+01 0.000000000000000000e+00 2.000000000000000000e+00 0.000000000000000000e+00
