-9.964100000000000179e-01 0.000000000000000000e+00 2.000000000000000000e+00 5.505899999999999683e-02
-1.381599999999999939e+00 0.000000000000000000e+00 1.496299999999999963e+00 5.452200000000000102e-02
-6.710099999999999953e-01 -7.219999999999999977e-16 1.584899999999999975e+00 5.625700000000000145e-02
-9.634700000000000486e-01 0.000000000000000000e+00 1.083399999999999919e+00 5.736700000000000133e-02
-4.369700000000000251e-01 1.240899999999999910e-15 9.830699999999999994e-01 6.011299999999999977e-02
-8.858300000000000063e-01 0.000000000000000000e+00 4.961499999999999799e-01 6.058700000000000196e-02
-1.898499999999999910e-01 6.688600000000000602e-17 4.468500000000000250e-01 6.986499999999999655e-02
-4.810699999999999976e-01 0.000000000000000000e+00 0.000000000000000000e+00 6.767199999999999604e-02
2.732100000000000084e-01 0.000000000000000000e+00 0.000000000000000000e+00 8.903700000000000503e-02
1.898499999999999910e-01 1.004699999999999937e-15 4.468500000000000250e-01 9.195799999999999808e-02
9.964100000000000179e-01 0.000000000000000000e+00 2.000000000000000000e+00 1.087700000000000056e-01
1.279099999999999904e+00 0.000000000000000000e+00 1.607699999999999907e+00 1.096899999999999958e-01
6.710099999999999953e-01 -8.409099999999999420e-17 1.584899999999999975e+00 1.069100000000000050e-01
1.205100000000000060e+00 0.000000000000000000e+00 1.047500000000000098e+00 1.075500000000000067e-01
4.369700000000000251e-01 -1.410199999999999920e-15 9.830699999999999994e-01 1.020900000000000002e-01
1.050999999999999934e+00 0.000000000000000000e+00 0.000000000000000000e+00 1.028599999999999931e-01
4.900000000000000355e+00 1.224599999999999940e-17 2.000000000000000000e+00 1.000000000000000000e+00
4.831500000000000128e+00 0.000000000000000000e+00 1.827599999999999891e+00 4.906099999999999905e-01
4.574300000000000033e+00 0.000000000000000000e+00 2.000000000000000000e+00 3.075200000000000156e-01
5.000000000000000000e+00 0.000000000000000000e+00 1.899999999999999911e+00 1.000000000000000000e+00
4.688500000000000334e+00 0.000000000000000000e+00 1.630200000000000093e+00 2.841099999999999737e-01
5.099999999999999645e+00 0.000000000000000000e+00 2.000000000000000000e+00 1.000000000000000000e+00
4.937999999999999723e+00 0.000000000000000000e+00 1.717600000000000016e+00 4.072999999999999954e-01
5.203299999999999592e+00 0.000000000000000000e+00 1.764599999999999946e+00 3.867800000000000127e-01
5.423300000000000232e+00 0.000000000000000000e+00 2.000000000000000000e+00 3.039200000000000235e-01
-2.500000000000000000e+01 0.000000000000000000e+00 0.000000000000000000e+00 0.000000000000000000e+00
-2.500000000000000000e+01 0.000000000000000000e+00 2.000000000000000000e+00 1.137899999999999931e-19
-2.182300000000000040e+01 0.000000000000000000e+00 0.000000000000000000e+00 4.571399999999999769e-03
-2.176300000000000168e+01 0.000000000000000000e+00 2.000000000000000000e+00 4.656800000000000002e-03
-1.864600000000000080e+01 0.000000000000000000e+00 0.000000000000000000e+00 9.360500000000000764e-03
-1.852499999999999858e+01 0.000000000000000000e+00 2.000000000000000000e+00 9.546999999999999931e-03
-1.546899999999999942e+01 0.000000000000000000e+00 0.000000000000000000e+00 1.460700000000000019e-02
-1.528800000000000026e+01 0.000000000000000000e+00 2.000000000000000000e+00 1.492500000000000077e-02
-1.232799999999999940e+01 0.000000000000000000e+00 0.000000000000000000e+00 2.054200000000000123e-02
-1.205100000000000016e+01 0.000000000000000000e+00 2.000000000000000000e+00 2.110700000000000076e-02
-9.470499999999999474e+00 0.000000000000000000e+00 0.000000000000000000e+00 2.690800000000000136e-02
-8.834199999999999164e+00 0.000000000000000000e+00 2.000000000000000000e+00 2.849799999999999903e-02
-7.071900000000000297e+00 0.000000000000000000e+00 0.000000000000000000e+00 3.330400000000000027e-02
-5.962900000000000311e+00 0.000000000000000000e+00 2.000000000000000000e+00 3.669499999999999845e-02
-5.134000000000000341e+00 0.000000000000000000e+00 0.000000000000000000e+00 3.946199999999999708e-02
-1.997999999999999998e+00 0.000000000000000000e+00 1.495200000000000085e+00 5.198699999999999849e-02
-1.593299999999999939e+00 0.000000000000000000e+00 2.000000000000000000e+00 5.340799999999999714e-02
-2.493900000000000006e+00 0.000000000000000000e+00 2.000000000000000000e+00 4.974699999999999955e-02
-3.869200000000000195e+00 0.000000000000000000e+00 2.000000000000000000e+00 4.410700000000000037e-02
-2.845299999999999940e+00 0.000000000000000000e+00 9.784599999999999964e-01 4.839600000000000152e-02
-4.244200000000000195e+00 0.000000000000000000e+00 8.704800000000000315e-01 4.268299999999999872e-02
-3.565999999999999837e+00 0.000000000000000000e+00 0.000000000000000000e+00 4.538799999999999779e-02
-2.305000000000000160e+00 0.000000000000000000e+00 0.000000000000000000e+00 5.119200000000000139e-02
-1.734499999999999931e+00 0.000000000000000000e+00 7.193300000000000249e-01 5.402099999999999957e-02
-1.292100000000000026e+00 0.000000000000000000e+00 0.000000000000000000e+00 5.771099999999999841e-02
1.577900000000000080e+00 0.000000000000000000e+00 2.000000000000000000e+00 1.124099999999999960e-01
1.935699999999999976e+00 0.000000000000000000e+00 1.364000000000000101e+00 1.156699999999999950e-01
2.396799999999999820e+00 0.000000000000000000e+00 2.000000000000000000e+00 1.227099999999999996e-01
1.789400000000000102e+00 0.000000000000000000e+00 5.939100000000000490e-01 1.125599999999999934e-01
2.000000000000000000e+00 0.000000000000000000e+00 0.000000000000000000e+00 1.147900000000000031e-01
2.656299999999999883e+00 0.000000000000000000e+00 6.621399999999999508e-01 1.247299999999999937e-01
2.942699999999999871e+00 0.000000000000000000e+00 1.378400000000000070e+00 1.324400000000000022e-01
3.331399999999999917e+00 0.000000000000000000e+00 2.000000000000000000e+00 1.453599999999999892e-01
3.838299999999999823e+00 0.000000000000000000e+00 1.498499999999999943e+00 1.646700000000000108e-01
4.074099999999999611e+00 0.000000000000000000e+00 2.000000000000000000e+00 1.919500000000000095e-01
4.320899999999999963e+00 0.000000000000000000e+00 1.707699999999999996e+00 2.147999999999999909e-01
3.085799999999999876e+00 0.000000000000000000e+00 0.000000000000000000e+00 1.307599999999999874e-01
3.764299999999999979e+00 0.000000000000000000e+00 6.773400000000000531e-01 1.470400000000000040e-01
4.434700000000000308e+00 0.000000000000000000e+00 1.220399999999999929e+00 1.898100000000000065e-01
5.027099999999999902e+00 0.000000000000000000e+00 1.370999999999999996e+00 2.391500000000000015e-01
4.631599999999999717e+00 0.000000000000000000e+00 6.922500000000000320e-01 1.662099999999999966e-01
4.201200000000000045e+00 0.000000000000000000e+00 0.000000000000000000e+00 1.494399999999999895e-01
5.222400000000000375e+00 0.000000000000000000e+00 8.400800000000000489e-01 1.736499999999999988e-01
5.617499999999999716e+00 0.000000000000000000e+00 1.516599999999999948e+00 2.089499999999999968e-01
5.926400000000000112e+00 0.000000000000000000e+00 2.000000000000000000e+00 1.873400000000000065e-01
5.285099999999999909e+00 0.000000000000000000e+00 0.000000000000000000e+00 1.532300000000000051e-01
5.718600000000000350e+00 0.000000000000000000e+00 7.179999999999999716e-01 1.575400000000000134e-01
6.348300000000000054e+00 0.000000000000000000e+00 1.205999999999999961e+00 1.470499999999999863e-01
6.692000000000000171e+00 0.000000000000000000e+00 2.000000000000000000e+00 1.387799999999999867e-01
6.426999999999999602e+00 0.000000000000000000e+00 0.000000000000000000e+00 1.345200000000000007e-01
7.246500000000000163e+00 0.000000000000000000e+00 1.022199999999999998e+00 1.201200000000000045e-01
7.749799999999999578e+00 0.000000000000000000e+00 2.000000000000000000e+00 1.108900000000000025e-01
8.347099999999999298e+00 0.000000000000000000e+00 1.014999999999999902e+00 1.005299999999999944e-01
7.925799999999999734e+00 0.000000000000000000e+00 0.000000000000000000e+00 1.066300000000000026e-01
9.071099999999999497e+00 0.000000000000000000e+00 2.000000000000000000e+00 9.070699999999999597e-02
1.071799999999999997e+01 0.000000000000000000e+00 2.000000000000000000e+00 7.331000000000000016e-02
9.983999999999999986e+00 0.000000000000000000e+00 0.000000000000000000e+00 8.038599999999999912e-02
1.277200000000000024e+01 0.000000000000000000e+00 2.000000000000000000e+00 5.717699999999999866e-02
1.256499999999999950e+01 0.000000000000000000e+00 0.000000000000000000e+00 5.863800000000000262e-02
1.533000000000000007e+01 0.000000000000000000e+00 2.000000000000000000e+00 4.164799999999999752e-02
1.559399999999999942e+01 0.000000000000000000e+00 0.000000000000000000e+00 4.023999999999999799e-02
1.845299999999999940e+01 0.000000000000000000e+00 2.000000000000000000e+00 2.639999999999999986e-02
1.872899999999999920e+01 0.000000000000000000e+00 0.000000000000000000e+00 2.516900000000000040e-02
2.186499999999999844e+01 0.000000000000000000e+00 0.000000000000000000e+00 1.214499999999999955e-02
2.172700000000000031e+01 0.000000000000000000e+00 2.000000000000000000e+00 1.269400000000000042e-02
2.500000000000000000e+01 0.000000000000000000e+00 2.000000000000000000e+00 1.108899999999999931e-18
2.500000000000000000e+01 0.000000000000000000e+00 0.000000000000000000e+00 0.000000000000000000e+00
